sample_sizes = [100, 1000, 2000, 3000, 4000, 5000, 6000, 7000, 8000, 9000]
p_incs_imdb = [152.46494290096317, 4.9049165186307695, 11.551686090080311, 35.76700062988423, -5.571316470852123, 7.960561329462627, -1.9491123821321839, -4.429476066787584, -0.9814830817256959, 28.89022812281831]
p_incs_MSTAR = [37.165876896818325, -1.1592129981862835, -15.96734657332333, -9.495750180636968, -8.733775715829472, -13.972996033611002, -27.20954707976415, -33.6245514361742, -22.84202311174614, -16.538419419117727]
p_incs_SARDET = [20.472028881257863, 2.091915846810427, 26.93513793233463, 26.648967408020592, 4.459583028672528, 391.10110010518014, -5.332359354791956, 15.137922607703572, -25.401786624259376, 16.86926173065672]
p_incs_ATRNET = [0.5381668009592117, 1.5261066333199789, -1.5802635636539442, 0.014484758867853357, 4.459588706282069, 1.018332501836229, 7.757762443298426, -7.192725355340624, 1.288644556603802, -7.006466683569927]