sample_sizes = [100, 1000, 2000, 3000, 4000, 5000, 6000, 7000, 8000, 9000]
p_incs_imdb = [41.66419637783559, 5.083804116784614, 195.57218205843245, 2.5815160633419283, 1.4278092187566827, 9.72303590750882, 14.178163449205844, -3.5880619530330673, 0.27355330958968055, -1.4075094757800486]
p_incs_MSTAR = [3.4540615168760427, -4.23021107663946, -4.936798135360936, -23.355891723036112, -23.287416122822282, -18.17487167938722, 0.8591675595646837, -7.768728984273377, -30.218773471936792, -43.534611212964414]
p_incs_SARDET = [2.363306939460715, 17.228798484508758, -5.346439602285777, 32.95592914149184, 15.24480222287091, 38.882898947, -13.41367014883182, -8.329371273523527, -20.00590776177488, 0.9921867890592456]
p_incs_ATRNET = [-2.8150929055039575, -0.6005058181119284, -0.23878830121223876, 8.583180506247569, 8.09344167711035, -1.4924600511754147, -0.39712904008827243, 1.1499933589881326, -3.405599787962828, 6.618720862720872]