sample_sizes = [100, 1000, 2000, 3000, 4000, 5000, 6000, 7000, 8000, 9000]
p_incs_imdb = [9.863526652734942, 9.629246923859728, 5.636304595538517, 1.9229417458416123, 2.464951952796785, 23.700885164233124, -1.048021809198937, 18.456750709027542, 53.46853265821929, -6.414550201082368]
p_incs_MSTAR = [-0.5047790724726271, 20.61529974920684, 0.31902896895605176, -13.309722567209306, -20.26633701397908, -18.8634108780993, -26.85631776740225, -27.940563366122657, -24.344913522918777, -35.444127542627776]
p_incs_SARDET = [3.3796928049832213, 0.09538534272708911, 49.33360421170683, 29.41481834760192, -9.897917226929128, 416.5996830950748, 28.01090303164392, -12.198051763727944, -8.335171428558414, -23.81247084271034]
p_incs_ATRNET = [7.027604247627268, 1.4636833373560956, -3.6650520485611295, 0.9675689213581813, 4.874493320859717, -6.130568062882365, -0.9729596516400096, -3.3261233923058153, 0.41123916040104685, -2.3415477738685406]



with max node 15
