sample_sizes = [1000, 5000]
avgs_ncc_pfft = [0.04115769611671567, 0.05809793395455927]
avgs_ncc_fft = [0.576588150439784, 2.867142565206935]
avgs_mtree_fft = [0.5211148532185083, 3.016603753894257]