sample_sizes = [100, 1000, 2000, 3000, 4000, 5000, 6000, 7000, 8000, 9000]
avgs_ncc_pfft = [0.04224423530977219, 0.13811045995292565, 0.25946998746755223, 0.3945087707756708, 0.4978231917290638, 0.6160927503602579, 0.7125837575256203, 0.7997520147822798, 0.9153053136387219, 1.0134824528514097]
avgs_ncc_fft = [0.06432683169065664, 0.5721337169564019, 1.1391131965753933, 1.8031199592243259, 2.2729833242561046, 2.8127336614221954, 3.254611448516759, 3.663294882125532, 4.1460548933440196, 4.637732347326042]
avgs_mtree_fft = [0.05731044242468973, 0.570239573600702, 1.236585020716302, 1.892330951942131, 2.369726385214987, 3.0768407956774655, 4.626157839200459, 4.864217841361339, 5.095407685901349, 6.7481001256033775]