sample_sizes = [100, 1000, 2000, 3000, 4000, 5000, 6000, 7000, 8000, 9000]
avgs_ncc_pfft = [0.019418864239317674, 0.12587011175540586, 0.2554842993384227, 0.3569328764065479, 0.47754971487447617, 0.5839309410424903, 0.7480193830716113, 0.8230795491331567, 0.9156492597035443, 1.0161518016286815]
avgs_ncc_fft = [0.05521593143542607, 0.5417954588852202, 1.0733335714166363, 1.5438002542747806, 2.117335267760791, 2.602669185291355, 3.285998824960552, 3.717141487550301, 4.065622979301649, 4.594193572093112]
avgs_mtree_fft = [0.05145432933544119, 0.4083963114613046, 0.8909139870122696, 1.2157006656906257, 1.7326357159297914, 2.230820569450346, 2.749804117142533, 3.328286027163267, 4.253589039947838, 4.009387365790705]