1.000000000000000000e+00 0.000000000000000000e+00 0.000000000000000000e+00 0.000000000000000000e+00 0.000000000000000000e+00 0.000000000000000000e+00 0.000000000000000000e+00 0.000000000000000000e+00 0.000000000000000000e+00 0.000000000000000000e+00 0.000000000000000000e+00 0.000000000000000000e+00 0.000000000000000000e+00 0.000000000000000000e+00 0.000000000000000000e+00 0.000000000000000000e+00
0.000000000000000000e+00 1.000000000000000000e+00 1.000000000000000000e+00 7.071067690849304199e-01 1.000000000000000000e+00 7.071067690849304199e-01 7.071067690849304199e-01 5.773502588272094727e-01 1.000000000000000000e+00 7.071067690849304199e-01 7.071067690849304199e-01 5.773502588272094727e-01 7.071067690849304199e-01 5.773502588272094727e-01 5.773502588272094727e-01 5.000000000000000000e-01
0.000000000000000000e+00 1.000000000000000000e+00 1.000000000000000000e+00 7.071067690849304199e-01 1.000000000000000000e+00 7.071067690849304199e-01 7.071067690849304199e-01 5.773502588272094727e-01 1.000000000000000000e+00 7.071067690849304199e-01 7.071067690849304199e-01 5.773502588272094727e-01 7.071067690849304199e-01 5.773502588272094727e-01 5.773502588272094727e-01 5.000000000000000000e-01
0.000000000000000000e+00 7.071067690849304199e-01 7.071067690849304199e-01 1.000000119209289551e+00 7.071067690849304199e-01 5.000000596046447754e-01 5.000000596046447754e-01 8.164966106414794922e-01 7.071067690849304199e-01 5.000000596046447754e-01 5.000000596046447754e-01 8.164966106414794922e-01 1.000000119209289551e+00 8.164966106414794922e-01 8.164966106414794922e-01 7.071067690849304199e-01
0.000000000000000000e+00 1.000000000000000000e+00 1.000000000000000000e+00 7.071067690849304199e-01 1.000000000000000000e+00 7.071067690849304199e-01 7.071067690849304199e-01 5.773502588272094727e-01 1.000000000000000000e+00 7.071067690849304199e-01 7.071067690849304199e-01 5.773502588272094727e-01 7.071067690849304199e-01 5.773502588272094727e-01 5.773502588272094727e-01 5.000000000000000000e-01
0.000000000000000000e+00 7.071067690849304199e-01 7.071067690849304199e-01 5.000000596046447754e-01 7.071067690849304199e-01 1.000000119209289551e+00 5.000000596046447754e-01 8.164966106414794922e-01 7.071067690849304199e-01 5.000000596046447754e-01 1.000000119209289551e+00 8.164966106414794922e-01 5.000000596046447754e-01 8.164966106414794922e-01 8.164966106414794922e-01 7.071067690849304199e-01
0.000000000000000000e+00 7.071067690849304199e-01 7.071067690849304199e-01 5.000000596046447754e-01 7.071067690849304199e-01 5.000000596046447754e-01 1.000000119209289551e+00 8.164966106414794922e-01 7.071067690849304199e-01 1.000000119209289551e+00 5.000000596046447754e-01 8.164966106414794922e-01 5.000000596046447754e-01 8.164966106414794922e-01 8.164966106414794922e-01 7.071067690849304199e-01
0.000000000000000000e+00 5.773502588272094727e-01 5.773502588272094727e-01 8.164966106414794922e-01 5.773502588272094727e-01 8.164966106414794922e-01 8.164966106414794922e-01 1.000000000000000000e+00 5.773502588272094727e-01 8.164966106414794922e-01 8.164966106414794922e-01 1.000000000000000000e+00 8.164966106414794922e-01 1.000000000000000000e+00 1.000000000000000000e+00 8.660254478454589844e-01
0.000000000000000000e+00 1.000000000000000000e+00 1.000000000000000000e+00 7.071067690849304199e-01 1.000000000000000000e+00 7.071067690849304199e-01 7.071067690849304199e-01 5.773502588272094727e-01 1.000000000000000000e+00 7.071067690849304199e-01 7.071067690849304199e-01 5.773502588272094727e-01 7.071067690849304199e-01 5.773502588272094727e-01 5.773502588272094727e-01 5.000000000000000000e-01
0.000000000000000000e+00 7.071067690849304199e-01 7.071067690849304199e-01 5.000000596046447754e-01 7.071067690849304199e-01 5.000000596046447754e-01 1.000000119209289551e+00 8.164966106414794922e-01 7.071067690849304199e-01 1.000000119209289551e+00 5.000000596046447754e-01 8.164966106414794922e-01 5.000000596046447754e-01 8.164966106414794922e-01 8.164966106414794922e-01 7.071067690849304199e-01
0.000000000000000000e+00 7.071067690849304199e-01 7.071067690849304199e-01 5.000000596046447754e-01 7.071067690849304199e-01 1.000000119209289551e+00 5.000000596046447754e-01 8.164966106414794922e-01 7.071067690849304199e-01 5.000000596046447754e-01 1.000000119209289551e+00 8.164966106414794922e-01 5.000000596046447754e-01 8.164966106414794922e-01 8.164966106414794922e-01 7.071067690849304199e-01
0.000000000000000000e+00 5.773502588272094727e-01 5.773502588272094727e-01 8.164966106414794922e-01 5.773502588272094727e-01 8.164966106414794922e-01 8.164966106414794922e-01 1.000000000000000000e+00 5.773502588272094727e-01 8.164966106414794922e-01 8.164966106414794922e-01 1.000000000000000000e+00 8.164966106414794922e-01 1.000000000000000000e+00 1.000000000000000000e+00 8.660254478454589844e-01
0.000000000000000000e+00 7.071067690849304199e-01 7.071067690849304199e-01 1.000000119209289551e+00 7.071067690849304199e-01 5.000000596046447754e-01 5.000000596046447754e-01 8.164966106414794922e-01 7.071067690849304199e-01 5.000000596046447754e-01 5.000000596046447754e-01 8.164966106414794922e-01 1.000000119209289551e+00 8.164966106414794922e-01 8.164966106414794922e-01 7.071067690849304199e-01
0.000000000000000000e+00 5.773502588272094727e-01 5.773502588272094727e-01 8.164966106414794922e-01 5.773502588272094727e-01 8.164966106414794922e-01 8.164966106414794922e-01 1.000000000000000000e+00 5.773502588272094727e-01 8.164966106414794922e-01 8.164966106414794922e-01 1.000000000000000000e+00 8.164966106414794922e-01 1.000000000000000000e+00 1.000000000000000000e+00 8.660254478454589844e-01
0.000000000000000000e+00 5.773502588272094727e-01 5.773502588272094727e-01 8.164966106414794922e-01 5.773502588272094727e-01 8.164966106414794922e-01 8.164966106414794922e-01 1.000000000000000000e+00 5.773502588272094727e-01 8.164966106414794922e-01 8.164966106414794922e-01 1.000000000000000000e+00 8.164966106414794922e-01 1.000000000000000000e+00 1.000000000000000000e+00 8.660254478454589844e-01
0.000000000000000000e+00 5.000000000000000000e-01 5.000000000000000000e-01 7.071067690849304199e-01 5.000000000000000000e-01 7.071067690849304199e-01 7.071067690849304199e-01 8.660254478454589844e-01 5.000000000000000000e-01 7.071067690849304199e-01 7.071067690849304199e-01 8.660254478454589844e-01 7.071067690849304199e-01 8.660254478454589844e-01 8.660254478454589844e-01 1.000000000000000000e+00
